mtllib	E-TIE-B.mtl
g TB_Frame
v -61.3935 296.756 -139.557
v -61.3935 296.756 -139.557
v -62.1673 297.773 -139.572
v -62.1673 297.773 -139.572
v -62.1673 297.773 -139.572
v -62.1105 297.801 -139.672
v -62.1105 297.801 -139.672
v -62.1105 297.801 -139.672
v -61.0518 297.607 -138.982
v -61.0518 297.607 -138.982
v -61.0518 297.607 -138.982
v -60.539 297.416 -138.883
v -60.539 297.416 -138.883
v -61.256 298.461 -138.998
v -61.256 298.461 -138.998
v -61.256 298.461 -138.998
v -59.0412 298.934 -142.408
v -59.0412 298.934 -142.408
v -41.3945 278.639 -147.171
v -41.3945 278.639 -147.171
v -41.3945 278.639 -147.171
v -57.8588 300.247 -141.362
v -57.6614 300.218 -141.258
v -57.6614 300.218 -141.258
v -40.54 279.299 -146.497
v -40.54 279.299 -146.497
v -40.54 279.299 -146.497
v -62.1673 322.277 -132.66
v -62.1673 322.277 -132.66
v -62.1673 322.277 -132.66
v -62.1105 322.305 -132.76
v -62.1105 322.305 -132.76
v -62.1105 322.305 -132.76
v -61.256 321.39 -132.53
v -61.256 321.39 -132.53
v -61.256 321.39 -132.53
v -61.0518 322.11 -132.07
v -61.0518 322.11 -132.07
v -61.0518 322.11 -132.07
v -61.3935 323.136 -132.116
v -61.3935 323.136 -132.116
v -60.539 322.221 -131.886
v -60.539 322.221 -131.886
v -59.0412 322.769 -135.685
v -59.0412 322.769 -135.685
v -57.6614 321.073 -135.375
v -57.6614 321.073 -135.375
v -57.6614 321.073 -135.375
v -57.6157 321.101 -135.46
v -41.3945 342.561 -129.14
v -41.3945 342.561 -129.14
v -41.3945 342.561 -129.14
v -40.54 341.646 -128.91
v -40.54 341.646 -128.91
v -40.54 341.646 -128.91
v -33.4398 333.027 -177.789
v -33.4162 333.05 -177.828
v 28.0345 269.066 -110.22
v 28.0345 269.066 -110.22
v 28.0345 269.066 -110.22
v 28.889 268.151 -109.99
v 28.889 268.151 -109.99
v 28.889 268.151 -109.99
v -0.833045 298.703 -218.221
v -0.833045 298.703 -218.221
v -0.792837 298.693 -218.263
v -0.792837 298.693 -218.263
v -0.792837 298.693 -218.263
v -0.792837 298.693 -218.263
v -0.752628 298.684 -218.304
v -0.369345 299.035 -217.932
v 0.0617352 299.353 -217.589
v 0.0617352 299.353 -217.589
v 0.0617352 299.353 -217.589
v 0.0617352 299.353 -217.589
v 0.0617352 299.353 -217.589
v 0.0520258 299.376 -217.603
v 0.0528803 299.377 -217.603
v 0.044879 299.401 -217.616
v 0.044879 299.401 -217.616
v -4.79961 310.704 -224.941
v -4.80362 310.716 -224.948
v -10.5737 322.873 -227.273
v -10.5737 322.873 -227.273
v -8.7944 322.68 -231.599
v -8.8024 322.704 -231.612
v -8.81335 322.726 -231.622
v -8.81335 322.726 -231.622
v -8.81125 322.727 -231.626
v -8.81125 322.727 -231.626
v -8.81125 322.727 -231.626
v -8.81125 322.727 -231.626
v -8.81125 322.727 -231.626
v -8.81125 322.727 -231.626
v -8.81183 322.73 -231.626
v -8.81183 322.73 -231.626
v -8.77105 322.717 -231.668
v -8.77105 322.717 -231.668
v -9.55576 323.759 -231.693
v -9.55576 323.759 -231.693
v -9.55576 323.759 -231.693
v -9.53043 323.772 -231.737
v -9.53043 323.772 -231.737
v -9.52834 323.773 -231.741
v -9.52834 323.773 -231.741
v -9.52834 323.773 -231.741
v -9.19397 324.157 -226.122
v -9.19397 324.157 -226.122
v -8.44021 323.593 -231.103
v -8.44021 323.593 -231.103
v -8.44021 323.593 -231.103
v -7.95669 323.387 -230.952
v -7.95669 323.387 -230.952
v -7.95669 323.387 -230.952
v -7.95669 323.387 -230.952
v -8.67474 324.43 -231.068
v -8.67317 324.43 -231.067
v -8.67375 324.433 -231.066
v -8.67375 324.433 -231.066
v -8.67375 324.433 -231.066
v -8.67375 324.433 -231.066
v 36.7184 282.902 -87.4317
v 36.7184 282.902 -87.4317
v 37.5729 281.987 -87.2017
v 37.5729 281.987 -87.2017
v 37.1177 282.957 -87.0484
v 37.1177 282.957 -87.0484
v 37.1177 282.957 -87.0484
v 37.4354 283.734 -86.7876
v 37.4354 283.734 -86.7876
v 37.4354 283.734 -86.7876
v 38.2332 282.791 -86.4582
v 38.2332 282.791 -86.4582
v 38.2332 282.791 -86.4582
v 38.29 282.819 -86.5576
v 38.29 282.819 -86.5576
v 38.29 282.819 -86.5576
v 37.7483 285.98 -90.7842
v 37.7483 285.98 -90.7842
v 37.7483 285.98 -90.7842
v 39.1283 284.284 -90.4746
v 39.1283 284.284 -90.4746
v 37.7995 286 -90.8683
v -10.6987 346.587 -220.655
v -9.24233 344.947 -220.166
v -10.5737 346.708 -220.549
v -10.5737 346.708 -220.549
v -9.19396 345.012 -220.239
v -9.19396 345.012 -220.239
v -9.19396 345.012 -220.239
v -9.55569 348.262 -224.781
v -9.55569 348.262 -224.781
v -9.55569 348.262 -224.781
v -9.53034 348.275 -224.825
v -9.52825 348.276 -224.829
v -9.52825 348.276 -224.829
v -9.52825 348.276 -224.829
v -8.67569 347.36 -224.595
v -8.6736 347.361 -224.599
v -8.6736 347.361 -224.599
v -8.6736 347.361 -224.599
v -8.6736 347.361 -224.599
v -8.67458 347.364 -224.599
v -8.67302 347.364 -224.598
v -8.44003 348.096 -224.191
v -8.44003 348.096 -224.191
v -8.44003 348.096 -224.191
v -8.81175 349.105 -224.186
v -8.81117 349.108 -224.185
v -8.81117 349.108 -224.185
v -8.81117 349.108 -224.185
v -8.81117 349.108 -224.185
v -8.81117 349.108 -224.185
v -8.80231 349.12 -224.161
v -8.79431 349.134 -224.137
v -7.99673 348.163 -223.925
v -7.99673 348.163 -223.925
v -7.95862 348.192 -223.951
v -7.95652 348.193 -223.955
v -7.95652 348.193 -223.955
v -7.95652 348.193 -223.955
v -7.95652 348.193 -223.955
v -7.95652 348.193 -223.955
v -7.91632 348.222 -223.985
v 37.4354 306.662 -80.3198
v 37.4354 306.662 -80.3198
v 37.4354 306.662 -80.3198
v 36.7184 307.707 -80.4344
v 36.7184 307.707 -80.4344
v 37.1177 307.46 -80.1364
v 37.1177 307.46 -80.1364
v 37.1177 307.46 -80.1364
v 37.7483 306.836 -84.9011
v 37.7483 306.836 -84.9011
v 37.9457 306.806 -84.7967
v 38.2332 307.294 -79.5462
v 38.2332 307.294 -79.5462
v 38.2332 307.294 -79.5462
v 38.29 307.322 -79.6456
v 38.29 307.322 -79.6456
v 38.29 307.322 -79.6456
v 37.5729 308.367 -79.7602
v 37.5729 308.367 -79.7602
v 39.1282 308.119 -83.751
v 39.1282 308.119 -83.751
v -4.37694 355.401 -212.099
v -4.3725 355.407 -212.087
v 28.0345 331.413 -92.6325
v 28.0345 331.413 -92.6325
v 28.0345 331.413 -92.6325
v 28.8891 332.073 -91.9583
v 28.8891 332.073 -91.9583
v 28.8891 332.073 -91.9583
v -0.792909 362.615 -200.231
v -0.792909 362.615 -200.231
v -0.792909 362.615 -200.231
v -0.792909 362.615 -200.231
v -0.369849 362.151 -200.128
v -0.752701 362.645 -200.262
v 0.044795 361.674 -200.049
v 0.0519447 361.688 -200.026
v 0.0527992 361.687 -200.026
v 0.0616541 361.7 -200.001
v 0.0616541 361.7 -200.001
v 0.0616541 361.7 -200.001
v 0.0616541 361.7 -200.001
v 0.0616541 361.7 -200.001
v 0.101863 361.73 -200.032
v 61.9699 297.954 -133.192
v 61.9948 297.954 -133.237
v 68.6361 289.12 -181.311
v 68.6361 289.12 -181.311
v 68.6361 289.12 -181.311
v 68.6361 289.12 -181.311
v 68.646 289.115 -181.369
v 68.6576 289.139 -181.309
v 68.6584 289.138 -181.309
v 68.6782 289.158 -181.307
v 69.4907 288.205 -181.081
v 69.4907 288.205 -181.081
v 69.4907 288.205 -181.081
v 69.4907 288.205 -181.081
v 69.5006 288.2 -181.139
v 79.3903 298.534 -180.292
v 79.8174 298.077 -180.177
v 79.8277 298.087 -180.176
v 86.1673 309.936 -175.552
v 86.2157 309.919 -175.648
v 86.2157 309.919 -175.648
v 86.2157 309.919 -175.648
v 87.5957 308.223 -175.339
v 87.5957 308.223 -175.339
v 87.7207 308.344 -175.233
v 89.2907 308.879 -179.443
v 89.2907 308.879 -179.443
v 89.2986 308.872 -179.497
v 89.3007 308.874 -179.501
v 89.3007 308.874 -179.501
v 89.3007 308.874 -179.501
v 89.3007 308.874 -179.501
v 89.3007 308.874 -179.501
v 89.3106 308.868 -179.558
v 90.1132 307.92 -179.275
v 90.1338 307.94 -179.273
v 90.1553 307.958 -179.271
v 90.1553 307.958 -179.271
v 90.1553 307.958 -179.271
v 90.1553 307.958 -179.271
v 90.1553 307.958 -179.271
v 90.1553 307.958 -179.271
v 90.1558 307.961 -179.27
v 90.1558 307.961 -179.27
v 89.7293 308.943 -179.169
v 89.7293 308.943 -179.169
v 89.7293 308.943 -179.169
v 90.0157 309.704 -178.853
v 90.0157 309.704 -178.853
v 90.0172 309.702 -178.858
v 90.0187 309.702 -178.857
v 90.0177 309.705 -178.857
v 90.0177 309.705 -178.857
v 90.0177 309.705 -178.857
v 90.0177 309.705 -178.857
v 90.8449 308.776 -178.579
v 90.8449 308.776 -178.579
v 90.8449 308.776 -178.579
v 90.8702 308.789 -178.623
v 90.8723 308.79 -178.627
v 90.8723 308.79 -178.627
v 90.8723 308.79 -178.627
v 68.6362 351.467 -163.724
v 68.6362 351.467 -163.724
v 68.6362 351.467 -163.724
v 68.6362 351.467 -163.724
v 68.6577 351.449 -163.732
v 68.6586 351.45 -163.732
v 68.6783 351.432 -163.741
v 69.4808 352.092 -163.004
v 69.4808 352.092 -163.004
v 69.4907 352.127 -163.05
v 69.4907 352.127 -163.05
v 69.4907 352.127 -163.05
v 69.4907 352.127 -163.05
v 69.5007 352.161 -163.096
v 86.2157 330.774 -169.765
v 86.2157 330.774 -169.765
v 87.5957 332.058 -168.615
v 87.5957 332.058 -168.615
v 79.3903 342.907 -167.775
v 79.401 342.898 -167.779
v 79.8174 343.237 -167.438
v 90.0176 332.633 -172.389
v 90.0176 332.633 -172.389
v 90.0176 332.633 -172.389
v 90.0176 332.633 -172.389
v 90.0171 332.636 -172.388
v 90.0186 332.636 -172.388
v 89.3006 333.679 -172.503
v 89.3006 333.679 -172.503
v 89.3006 333.679 -172.503
v 89.3006 333.679 -172.503
v 89.3006 333.679 -172.503
v 89.7292 333.446 -172.257
v 89.7292 333.446 -172.257
v 89.7292 333.446 -172.257
v 90.8448 333.28 -171.667
v 90.8448 333.28 -171.667
v 90.8448 333.28 -171.667
v 90.8701 333.292 -171.711
v 90.8701 333.292 -171.711
v 90.8722 333.293 -171.715
v 90.8722 333.293 -171.715
v 90.8722 333.293 -171.715
v 90.1131 334.374 -171.812
v 90.1337 334.356 -171.821
v 90.1531 334.338 -171.825
v 90.1531 334.338 -171.825
v 90.1557 334.336 -171.83
v 90.1557 334.336 -171.83
v 90.1552 334.339 -171.829
v 90.1552 334.339 -171.829
v 90.1552 334.339 -171.829
v 90.1552 334.339 -171.829
v 90.1552 334.339 -171.829
v 90.1552 334.339 -171.829
v 90.1651 334.373 -171.875
v 90.1651 334.373 -171.875
vt 0.386215 0.000128543
vt 0.0520754 0.011004
vt 0.172353 5.60346e-008
vt 0.258883 5.60346e-008
vt 0.241648 1.5076e-006
vt 0.386569 5.60346e-008
vt 0.448825 0.944538
vt 0.0520594 5.60346e-008
vt 0.259236 0.000550199
vt 0.241294 5.60346e-008
vt 0.0482566 0.0500119
vt 0.0517219 0.0115031
vt 0.634691 0.00504653
vt 0.448471 0.944666
vt 0.0517058 0.000498975
vt 0.634377 4.2693e-008
vt 0.593251 8.85881e-007
vt 0.0306794 6.40396e-008
vt 0.379176 0.104324
vt 0.0524289 0.253377
vt 0.793177 9.87277e-008
vt -0.000558191 0.834202
vt 0.0306899 0.0191033
vt 0.592638 1.17406e-007
vt 0.0520754 0.253877
vt 0.792823 5.60346e-008
vt 0.639486 0.19634
vt 0.179431 1.20074e-007
vt 0.138236 0.945132
vt 0.258529 0.220035
vt 0.737789 4.2693e-008
vt 0.482588 0.944605
vt 0.0517058 0.536481
vt 0.482942 0.944605
vt 0.0520597 0.536481
vt 0.317628 5.60346e-008
vt 0.258883 0.220585
vt 0.137882 0.945132
vt 0.0413636 5.60346e-008
vt 0.738103 0.00504815
vt 0.0517059 0.547497
vt 0.0520597 0.547496
vt 0.317274 0.000127054
vt 0.600136 8.91217e-007
vt 0.0258529 0.152826
vt 0.0264667 0.152826
vt 0.586613 1.00062e-006
vt 0.60075 1.06199e-006
vt -0.0146948 -0.0364806
vt 0.742898 0.196343
vt 0.0517059 0.79012
vt 0.827293 9.09896e-007
vt 0.0520597 0.790119
vt 0.827647 5.60346e-008
vt 0.310235 0.104324
vt -0.000558191 0.834202
vt -0.0146948 -0.0364806
vt 0.344706 0.104324
vt 0.862118 5.60346e-008
vt 0.0865303 0.253639
vt 0.861764 1.84114e-007
vt 0.0861764 0.253639
vt 0.708427 0.196343
vt -0.001172 -0.0364807
vt -0.001172 0.211632
vt 0.379449 0.833655
vt 0.121001 0.00048911
vt 1 0.247868
vt 0.793177 0.729381
vt -0.001172 -0.0364807
vt -0.00152589 0.211387
vt 0.120647 0.000978162
vt 0.121001 0.784593
vt 0.999646 0.247868
vt 0.792823 0.729381
vt 0.628748 0.844628
vt -0.001172 0.211632
vt -0.001172 0.211632
vt -0.00152589 0.211387
vt -0.00152554 -0.0359917
vt -0.000818463 0.211143
vt -0.001172 0.211387
vt 0.593251 0.870685
vt 0.327936 0.213811
vt -0.001172 -0.0364807
vt -0.001172 -0.0364807
vt -0.00152589 -0.0254654
vt -0.001172 -0.0209025
vt 0.386569 0.944666
vt 0.0217943 0.938841
vt 0.0262068 0.547496
vt 0.121001 0.536481
vt 0.121354 0.248113
vt 1 5.60346e-008
vt -0.001172 -0.0364807
vt -0.000818463 0.211143
vt -0.00152589 0.211387
vt -0.00152554 -0.0359917
vt 0.172353 0.945129
vt 0.241648 0.94513
vt 0.293354 5.60346e-008
vt -0.001172 -0.0364807
vt -0.000818463 0.211143
vt 0.386923 0.944538
vt 0.448471 5.60346e-008
vt 0.0258529 0.547496
vt 0.328344 0.199526
vt 0.592638 0.870683
vt 0.293 5.60346e-008
vt 0.241294 0.94513
vt 0.0413636 0.970466
vt 0.0215441 0.94663
vt 0.120647 0.53697
vt 0.121001 0.248602
vt 0.620785 0.844628
vt -0.001172 -0.0209025
vt -0.00152589 -0.0254654
vt 0.448117 0.000128506
vt 0.0217943 0.954419
vt 0.0258529 0.536481
vt 0.62047 0.83958
vt 0.351745 0.000128503
vt 0.0865303 0.0110155
vt 0.0861764 0.0110155
vt 0.703633 0.00504807
vt 0.0758341 5.60346e-008
vt 0.258883 0.757065
vt 0.104119 0.000128391
vt 0.352099 5.60346e-008
vt 0.0865303 5.33663e-008
vt 0.517412 0.944604
vt 0.258529 0.756515
vt 0.103766 5.60346e-008
vt 0.213901 9.3391e-008
vt 0.0861764 5.60346e-008
vt 0.517058 0.944604
vt 0.703318 4.2693e-008
vt 0 0.149982
vt 0.0137269 0.0448156
vt 0.0264667 0.421067
vt 0.0258529 0.421067
vt 0.0131309 0.0493834
vt -0.0143029 0.0641175
vt -0.0146948 -0.0364806
vt -0.000558191 0.834202
vt 0.600136 0.870685
vt 0.32747 5.33663e-008
vt 0.327936 0.0124412
vt 0.586613 0.870683
vt 0.60075 0.870683
vt 0.179431 0.945131
vt 0.293354 0.22031
vt 0.138236 1.59298e-006
vt -0.001172 -0.0254652
vt 0.723882 0.839577
vt 0.482588 1.67837e-006
vt 0.0258529 0.949857
vt -0.00913519 -0.0254671
vt 0.482942 5.60346e-008
vt 0.0262068 0.681616
vt 0.0262068 0.949857
vt 0.317982 0.944541
vt -0.001172 -0.0254652
vt -0.001172 -0.0364807
vt 0.293 0.22031
vt 0.137882 5.60346e-008
vt 0.0344706 0.920456
vt -0.00913519 -0.0254671
vt 0.724196 0.844625
vt 0.0258529 0.670601
vt 0.0258529 0.938841
vt 0.155471 0.536482
vt 0.189588 7.68475e-007
vt -0.00152589 -0.0254653
vt -0.00152589 -0.0254653
vt -0.001172 0.211389
vt -0.00152589 -0.0254653
vt -0.001172 -0.0364807
vt 0.0262068 0.670601
vt 0.155118 0.536481
vt 0.189942 5.60346e-008
vt 0.931059 0.495739
vt 0.317628 0.944669
vt -0.001172 -0.0364807
vt 0.668847 0
vt 0.0861764 0.536481
vt 0.551529 0.944602
vt 0.669162 0.00504803
vt 0.0861764 0.547496
vt 0.0827271 0.0500132
vt 0.259236 0.537031
vt 0.275765 5.60346e-008
vt 0.00584961 0.105166
vt 0.0306899 0.287344
vt 0.00610927 0.804401
vt 0.258883 0.536481
vt 0.276118 1.41421e-007
vt 0.206823 5.60346e-008
vt 0.0865303 0.536481
vt 0.551883 0.944602
vt 0.42104 5.60346e-008
vt 0.0865303 0.547496
vt 0.420686 0.000128543
vt 0.0306794 0.26824
vt 0.00644564 0.100601
vt -0.00152589 -0.0364808
vt -0.00913521 -0.0144517
vt 0.673957 0.196341
vt 0.758352 0.000165588
vt 0.0861764 0.790119
vt 0.758706 5.60346e-008
vt 0.0865303 0.790119
vt 0.413647 0.104325
vt 0.73216 0.844625
vt 0.155471 0.784351
vt 0.930705 0.247869
vt 0.827293 0.729379
vt -0.001172 -0.0364807
vt -0.001172 0.211389
vt -0.001172 -0.0364807
vt -0.001172 0.211389
vt -0.001172 0.211389
vt 0.827647 0.729379
vt 0.310508 0.833654
vt 0.155825 0.784351
vt 0.189942 0.24787
vt 0.931059 0.247869
vt -0.00152589 -0.0254653
vt 0.00610927 0.804401
vt -0.0143029 0.0641175
vt 0.344979 0.833654
vt 0.862118 0.729379
vt 0.224413 0.24787
vt 0.896942 0.24787
vt -0.00152589 -0.0254652
vt -0.001172 0.211389
vt -0.001172 0.211389
vt -0.001172 -0.0364807
vt 0.861764 0.729379
vt 0.189942 0.536481
vt 0.896588 0.24787
vt 0.697689 0.844625
vt -0.001172 0.211389
vt -0.001172 -0.0364807
vt -0.0091352 -0.025466
vt -0.00913521 -0.0254658
vt 0.00610927 0.804401
vt 0.00668526 0.995431
vt 0.0204122 0.890265
vt 0.327936 0.548922
vt 0.32747 0.536481
vt 0.0198162 0.894834
vt -0.0143029 0.0641175
vt -0.00152589 -0.0254652
vt -0.001172 0.211389
vt -0.001172 -0.0364807
vt 0.352099 0.944668
vt 0.0305156 0.681616
vt 0.190296 0.784351
vt 0.224413 8.53861e-008
vt 0.896942 0.495739
vt -0.001172 -0.0364807
vt -0.00152589 -0.0254652
vt -0.00152589 -0.0254652
vt 0.0258529 0.815736
vt 0.0305156 0.670601
vt 0.189942 0.784351
vt 0.224059 5.60346e-008
vt 0.896588 5.87029e-008
vt 0.689726 0.844625
vt -0.00913521 -0.0254658
vt -0.001172 -0.0254652
vt 0.0689411 0.920455
vt 0.103766 0.945195
vt 0.293 0.75679
vt -0.00913521 -0.0254658
vt -0.001172 -0.0254652
vt -0.001172 -0.0364807
vt -0.001172 -0.0254653
vt 0.352453 0.944539
vt 0.0262068 0.804721
vt 0.0301617 0.681616
vt 0.517412 5.60346e-008
vt 0.103412 0.945066
vt 0.293354 0.75679
vt 0.213901 0.945131
vt -0.001172 -0.0254653
vt 0.0262068 0.815736
vt 0.517058 5.60346e-008
vt 0.689411 0.839577
vt 0.155471 0.248112
vt 0.965177 0.247868
vt 0.663218 0.844628
vt 0.758706 0.729463
vt -0.001172 0.211632
vt -0.001172 0.211632
vt -0.00152588 0.211387
vt -0.001172 -0.0364807
vt -0.001172 0.211632
vt 0.75906 0.729297
vt 0.224413 0.536481
vt 0.96553 0.247868
vt 0.41392 0.833655
vt -0.001172 -0.0364807
vt 0.0125349 0.950615
vt 0.328344 0.736007
vt 0.327936 0.750292
vt 0.0131309 0.946052
vt -0.001172 -0.0364807
vt -0.00152674 0.459255
vt -0.001172 0.211388
vt 0.654941 0.83958
vt 0.000250238 0.0155783
vt 0.0301617 0.536481
vt 0.551529 5.60346e-008
vt -0.00152589 -0.0254653
vt -0.001172 -0.0209025
vt 0.655255 0.844628
vt 4.28619e-010 0.00778932
vt 0.155118 0.000489158
vt 0.224059 0.784349
vt 0.965176 0.495735
vt 0.0758341 0.970466
vt 0.275765 0.945129
vt 0.293 0.536481
vt 0.276118 0.945129
vt 0.293354 0.536481
vt 0.206823 0.945129
vt -0.001172 -0.0364807
vt -0.001172 0.211388
vt 0.0301617 0.547496
vt 0.551883 5.60346e-008
vt 0.421394 0.944538
vt -0.001172 -0.0364807
vt -0.001172 -0.0364807
vt -0.00152589 -0.0254653
vt -0.001172 -0.0209025
vt -0.001172 -0.0364807
vt -0.001172 0.211388
vt 0.000250238 5.60346e-008
vt 0.0305156 0.547496
vt 0.155471 5.60346e-008
vt 0.224413 0.784349
vt 0.96553 5.60346e-008
vt 0.42104 0.944666
vt -0.001172 0.211632
vt -0.00152588 0.211387
vn -0.671318 -0.518458 -0.529654
vn -0.34978 -0.408582 0.843039
vn -0.876339 0.130775 -0.463603
vn -0.481803 -0.237896 0.843369
vn 3.46177e-006 -0.962442 -0.271489
vn -0.671319 -0.518456 -0.529655
vn -0.563304 0.821331 -0.0900268
vn -0.481776 -0.237898 0.843384
vn -0.481807 -0.237895 0.843367
vn 3.41105e-006 -0.962442 -0.271489
vn 0.876339 -0.130776 0.463603
vn -0.349785 -0.408533 0.843061
vn 0.671315 0.518465 0.529651
vn -0.563304 0.821331 -0.0900268
vn -0.481769 -0.237805 0.843414
vn 0.671315 0.518465 0.529651
vn -0.338795 -0.837049 -0.429612
vn -0.481743 -0.237907 0.8434
vn -0.671314 -0.518466 -0.529651
vn -0.201435 -0.560093 0.803567
vn 0.563299 -0.821335 0.0900227
vn 1.49335e-016 0.962441 0.271491
vn -0.481748 -0.237906 0.843398
vn 0.808191 -0.492712 0.322585
vn -0.201437 -0.560095 0.803565
vn 0.563298 -0.821335 0.0900227
vn 0.671315 0.518465 0.529651
vn -0.876339 0.130775 -0.463603
vn -3.35722e-006 0.962442 0.271489
vn -0.481695 -0.237918 0.843425
vn -0.671317 0.718822 -0.180634
vn -0.563305 -0.653206 -0.505974
vn -0.481776 -0.237914 0.843379
vn -0.563305 -0.653206 -0.505974
vn -0.481769 -0.238004 0.843358
vn 0.671315 -0.718825 0.18063
vn -0.481698 -0.237917 0.843423
vn -3.40733e-006 0.962442 0.271489
vn 0.876339 -0.130776 0.463603
vn -0.671317 0.718822 -0.180633
vn -0.349778 -0.0922147 0.932283
vn -0.349784 -0.0922674 0.932276
vn 0.671315 -0.718825 0.18063
vn -0.338827 0.938156 0.0711302
vn -0.481687 -0.237919 0.843429
vn -0.481688 -0.237919 0.843428
vn 0.808189 0.251507 0.532518
vn 0.808189 0.251507 0.532518
vn 1.49335e-016 0.962441 0.271491
vn -0.671315 0.718825 -0.18063
vn -0.201471 0.0576369 0.977797
vn 0.563307 0.653204 0.505974
vn -0.201472 0.0576381 0.977797
vn 0.563307 0.653204 0.505974
vn 0.671315 -0.718825 0.18063
vn 1.49335e-016 0.962441 0.271491
vn 1.49335e-016 0.962441 0.271491
vn -0.671314 0.718826 -0.180628
vn -0.563299 -0.653212 -0.505972
vn -0.673352 -0.489673 0.553911
vn -0.563299 -0.653212 -0.505972
vn -0.673352 -0.489673 0.553911
vn 0.671314 -0.718827 0.180628
vn 1.49335e-016 0.962441 0.271491
vn 1.49335e-016 0.962441 0.271491
vn -0.671315 -0.518465 -0.529652
vn 0.705523 -0.0887343 -0.70311
vn 0.705523 -0.0887343 -0.70311
vn 0.563299 -0.821334 0.0900235
vn 1.49335e-016 0.962441 0.271491
vn 1.49335e-016 0.962441 0.271491
vn -0.74726 0.285636 0.600012
vn -0.74726 0.285636 0.600012
vn -0.74726 0.285636 0.600012
vn 0.563299 -0.821334 0.0900235
vn 0.671315 0.518465 0.529652
vn 1.49335e-016 0.962441 0.271491
vn 1.49335e-016 0.962441 0.271491
vn 1.49335e-016 0.962441 0.271491
vn 1.49335e-016 0.962441 0.271491
vn 1.49335e-016 0.962441 0.271491
vn 1.49335e-016 0.962441 0.271491
vn -0.338862 -0.837009 -0.429638
vn 0.481785 0.237905 -0.843377
vn 1.49335e-016 0.962441 0.271491
vn 1.49335e-016 0.962441 0.271491
vn 1.49335e-016 0.962441 0.271491
vn 1.49335e-016 0.962441 0.271491
vn -0.671313 -0.518468 -0.529651
vn 0.481699 0.237917 -0.843422
vn 0.481699 0.237917 -0.843422
vn 0.481699 0.237917 -0.843422
vn 0.481699 0.237917 -0.843422
vn 0.481699 0.237917 -0.843422
vn 1.49335e-016 0.962441 0.271491
vn 1.49335e-016 0.962441 0.271491
vn 1.49335e-016 0.962441 0.271491
vn 1.49335e-016 0.962441 0.271491
vn -0.876339 0.130775 -0.463603
vn -3.32401e-006 -0.96244 -0.271493
vn 0.481695 0.237912 -0.843426
vn 1.49335e-016 0.962441 0.271491
vn 1.49335e-016 0.962441 0.271491
vn -0.671311 -0.518471 -0.529651
vn -0.56329 0.821341 -0.090016
vn 0.481695 0.237918 -0.843425
vn 0.481785 0.237905 -0.843377
vn 0.808188 -0.492721 0.322581
vn 0.481691 0.237912 -0.843429
vn -3.37472e-006 -0.96244 -0.271493
vn 0.876339 -0.130776 0.463603
vn 0.481705 0.237915 -0.84342
vn 0.481705 0.237915 -0.84342
vn 0.481705 0.237915 -0.84342
vn 0.671317 0.518461 0.529652
vn 1.49335e-016 0.962441 0.271491
vn 1.49335e-016 0.962441 0.271491
vn -0.56329 0.821341 -0.0900159
vn 0.4817 0.237917 -0.843422
vn 0.4817 0.237917 -0.843422
vn 0.671319 0.518459 0.529652
vn -0.671314 0.718826 -0.180629
vn -0.591281 -0.372456 0.715306
vn -0.591281 -0.372456 0.715306
vn 0.67132 -0.71882 0.180631
vn -0.876339 0.130776 -0.463603
vn -0.481695 -0.237918 0.843425
vn 1.73087e-006 -0.962441 -0.27149
vn -0.671314 0.718826 -0.180629
vn -0.481695 -0.237918 0.843425
vn 0.563301 0.65321 0.505973
vn -0.481695 -0.237918 0.843425
vn 1.7055e-006 -0.962441 -0.27149
vn 0.876339 -0.130775 0.463603
vn -0.481695 -0.237918 0.843425
vn 0.563301 0.65321 0.505973
vn 0.671322 -0.718818 0.180632
vn -0.808192 -0.251497 -0.532517
vn -0.808192 -0.251497 -0.532517
vn -0.481599 -0.237933 0.843475
vn -0.481599 -0.237933 0.843475
vn 0.338775 -0.938172 -0.0711645
vn 1.49335e-016 0.962441 0.271491
vn 1.49335e-016 0.962441 0.271491
vn 1.49335e-016 0.962441 0.271491
vn -0.338868 0.938143 0.0711037
vn 0.48178 0.237906 -0.843379
vn 0.48178 0.237906 -0.843379
vn 0.808185 0.251518 0.532519
vn 0.808185 0.251518 0.532519
vn -0.876339 0.130775 -0.463603
vn 0.48157 0.237923 -0.843495
vn 3.34207e-006 0.96244 0.271493
vn 1.49335e-016 0.962441 0.271491
vn -0.671314 0.718826 -0.180629
vn -0.563302 -0.653209 -0.505973
vn 0.481592 0.238019 -0.843455
vn 1.49335e-016 0.962441 0.271491
vn -0.563302 -0.65321 -0.505973
vn 0.481596 0.238019 -0.843453
vn 0.481596 0.238019 -0.843453
vn 0.671315 -0.718825 0.180629
vn 1.49335e-016 0.962441 0.271491
vn 1.49335e-016 0.962441 0.271491
vn 0.481566 0.237924 -0.843497
vn 3.29197e-006 0.96244 0.271493
vn 0.876339 -0.130776 0.463603
vn 1.49335e-016 0.962441 0.271491
vn -0.671314 0.718826 -0.180629
vn 0.481592 0.238019 -0.843455
vn 0.481592 0.238019 -0.843455
vn 0.481592 0.238019 -0.843455
vn 0.481592 0.238019 -0.843455
vn 1.49335e-016 0.962441 0.271491
vn 1.49335e-016 0.962441 0.271491
vn 1.49335e-016 0.962441 0.271491
vn 1.49335e-016 0.962441 0.271491
vn 1.49335e-016 0.962441 0.271491
vn 0.481601 0.238013 -0.843452
vn 0.481601 0.238013 -0.843452
vn 0.481601 0.238013 -0.843452
vn 0.481601 0.238013 -0.843452
vn 0.671315 -0.718825 0.180629
vn 1.49335e-016 0.962441 0.271491
vn -0.671316 -0.518463 -0.529651
vn -0.481697 -0.237915 0.843424
vn 0.563297 -0.821336 0.0900215
vn -0.671316 -0.518464 -0.529651
vn -0.591282 -0.0562576 0.8045
vn -0.876339 0.130776 -0.463603
vn -0.481698 -0.237918 0.843423
vn 1.49335e-016 0.962441 0.271491
vn -0.808194 0.492706 -0.322589
vn -0.481601 -0.237932 0.843474
vn 1.49335e-016 0.962441 0.271491
vn -0.481698 -0.237918 0.843423
vn 1.49335e-016 0.962441 0.271491
vn 0.876339 -0.130775 0.463603
vn -0.481697 -0.237915 0.843424
vn 0.563297 -0.821336 0.0900215
vn 0.671316 0.518464 0.529651
vn -0.591281 -0.0562577 0.804501
vn 0.671316 0.518464 0.529651
vn -0.481601 -0.237932 0.843474
vn 0.338771 0.837064 0.429602
vn 1.49335e-016 0.962441 0.271491
vn 1.49335e-016 0.962441 0.271491
vn -0.671315 -0.518465 -0.529652
vn -0.563291 0.821341 -0.0900168
vn -0.673313 0.128055 0.728184
vn -0.563291 0.82134 -0.0900172
vn -0.673312 0.128056 0.728185
vn 0.671315 0.518465 0.529651
vn -0.671315 0.718825 -0.180629
vn -0.249545 0.685909 0.683561
vn -0.249545 0.685909 0.683561
vn 0.563306 0.653205 0.505974
vn 1.49335e-016 0.962441 0.271491
vn 1.49335e-016 0.962441 0.271491
vn 1.49335e-016 0.962441 0.271491
vn 1.49335e-016 0.962441 0.271491
vn 1.49335e-016 0.962441 0.271491
vn 0.563306 0.653205 0.505974
vn 0.671314 -0.718825 0.180629
vn 0.663984 0.0460849 0.746325
vn 0.663984 0.0460849 0.746325
vn 0.663984 0.0460849 0.746325
vn 1.49335e-016 0.962441 0.271491
vn 1.49335e-016 0.962441 0.271491
vn 1.49335e-016 0.962441 0.271491
vn -0.671314 0.718826 -0.180628
vn -0.5633 -0.653211 -0.505972
vn 0.590319 0.0872358 -0.802442
vn 0.590319 0.0872358 -0.802442
vn 1.49335e-016 0.962441 0.271491
vn 1.49335e-016 0.962441 0.271491
vn 1.49335e-016 0.962441 0.271491
vn 1.49335e-016 0.962441 0.271491
vn -0.5633 -0.653211 -0.505972
vn 0.0516855 0.572705 0.818131
vn 0.0516855 0.572705 0.818131
vn 0.671314 -0.718826 0.180628
vn 1.49335e-016 0.962441 0.271491
vn 1.49335e-016 0.962441 0.271491
vn 1.49335e-016 0.962441 0.271491
vn 1.49335e-016 0.962441 0.271491
vn 1.49335e-016 0.962441 0.271491
vn -0.808182 -0.251526 -0.532519
vn -0.808182 -0.251526 -0.532519
vn 0.481508 0.237946 -0.843523
vn 0.481508 0.237946 -0.843523
vn 0.338916 -0.938128 -0.0710718
vn 1.49335e-016 0.962441 0.271491
vn 1.49335e-016 0.962441 0.271491
vn 1.49335e-016 0.962441 0.271491
vn 1.49335e-016 0.962441 0.271491
vn -0.671315 0.718825 -0.180629
vn 0.481695 0.237918 -0.843425
vn 0.481695 0.237918 -0.843425
vn 0.481695 0.237918 -0.843425
vn 0.481695 0.237918 -0.843425
vn 1.49335e-016 0.962441 0.271491
vn 1.49335e-016 0.962441 0.271491
vn 1.49335e-016 0.962441 0.271491
vn 0.481694 0.237918 -0.843425
vn 0.481694 0.237918 -0.843425
vn 0.481694 0.237918 -0.843425
vn 0.481694 0.237918 -0.843425
vn 0.481694 0.237918 -0.843425
vn 0.671315 -0.718824 0.18063
vn 1.49335e-016 0.962441 0.271491
vn 1.49335e-016 0.962441 0.271491
vn -0.876339 0.130776 -0.463603
vn -1.66199e-006 -0.962441 -0.271492
vn 0.481695 0.237926 -0.843423
vn 1.49335e-016 0.962441 0.271491
vn 1.49335e-016 0.962441 0.271491
vn 1.49335e-016 0.962441 0.271491
vn 1.49335e-016 0.962441 0.271491
vn -0.671315 0.718824 -0.18063
vn 0.481695 0.237918 -0.843425
vn 0.481695 0.237918 -0.843425
vn 0.563301 0.65321 0.505973
vn -1.68735e-006 -0.962441 -0.271492
vn 0.481695 0.237926 -0.843423
vn 0.876339 -0.130776 0.463603
vn 1.49335e-016 0.962441 0.271491
vn 0.481695 0.237918 -0.843425
vn 0.563301 0.65321 0.505973
vn 0.671317 -0.718823 0.180631
vn -0.648858 0.695451 -0.308759
vn -0.648858 0.695451 -0.308759
vn -0.671315 -0.518465 -0.529652
vn -0.563342 0.821302 -0.0900557
vn 1.49335e-016 0.962441 0.271491
vn 1.49335e-016 0.962441 0.271491
vn 1.49335e-016 0.962441 0.271491
vn 1.49335e-016 0.962441 0.271491
vn 1.49335e-016 0.962441 0.271491
vn -0.563342 0.821301 -0.0900561
vn -0.0339472 0.999382 -0.00911154
vn -0.0339472 0.999382 -0.00911154
vn 0.671314 0.518466 0.529651
vn 1.49335e-016 0.962441 0.271491
vn -0.808183 0.492733 -0.322575
vn 0.481508 0.237946 -0.843523
vn 0.481508 0.237946 -0.843523
vn 0.338913 0.836977 0.429659
vn 1.49335e-016 0.962441 0.271491
vn 1.49335e-016 0.962441 0.271491
vn 1.49335e-016 0.962441 0.271491
vn -0.671316 -0.518463 -0.529652
vn 0.481695 0.237918 -0.843425
vn 0.481695 0.237918 -0.843425
vn 0.563296 -0.821337 0.0900207
vn 1.49335e-016 0.962441 0.271491
vn 1.49335e-016 0.962441 0.271491
vn -0.671316 -0.518463 -0.529652
vn 0.481695 0.237917 -0.843425
vn 0.481695 0.237917 -0.843425
vn 0.481695 0.237917 -0.843425
vn 0.481695 0.237917 -0.843425
vn -0.876339 0.130776 -0.463603
vn 1.49335e-016 0.962441 0.271491
vn 0.481695 0.237926 -0.843423
vn 1.49335e-016 0.962441 0.271491
vn 0.481695 0.237926 -0.843423
vn 0.876339 -0.130776 0.463603
vn 1.49335e-016 0.962441 0.271491
vn 1.49335e-016 0.962441 0.271491
vn 0.481695 0.237918 -0.843425
vn 0.563296 -0.821337 0.0900207
vn 0.67132 0.518457 0.529652
vn 1.49335e-016 0.962441 0.271491
vn 1.49335e-016 0.962441 0.271491
vn 1.49335e-016 0.962441 0.271491
vn 1.49335e-016 0.962441 0.271491
vn 1.49335e-016 0.962441 0.271491
vn 1.49335e-016 0.962441 0.271491
vn 0.481696 0.237918 -0.843424
vn 0.481696 0.237918 -0.843424
vn 0.481696 0.237918 -0.843424
vn 0.481696 0.237918 -0.843424
vn 0.481696 0.237918 -0.843424
vn 0.671317 0.518461 0.529652
vn 1.49335e-016 0.962441 0.271491
vn 1.49335e-016 0.962441 0.271491
usemtl White_porcelain0
f -106/-106/-106 -78/-78/-78 -211/-211/-211 
f -106/-106/-106 -211/-211/-211 -223/-223/-223 
f -211/-211/-211 -78/-78/-78 -58/-58/-58 
f -106/-106/-106 -223/-223/-223 -285/-285/-285 
f -219/-219/-219 -91/-91/-91 -117/-117/-117 
f -219/-219/-219 -117/-117/-117 -226/-226/-226 
f -91/-91/-91 -219/-219/-219 -68/-68/-68 
f -226/-226/-226 -117/-117/-117 -290/-290/-290 
f -312/-312/-312 -165/-165/-165 -124/-124/-124 
f -312/-312/-312 -124/-124/-124 -305/-305/-305 
f -165/-165/-165 -312/-312/-312 -186/-186/-186 
f -305/-305/-305 -124/-124/-124 -293/-293/-293 
f -147/-147/-147 -3/-3/-3 -45/-45/-45 
f -147/-147/-147 -45/-45/-45 -145/-145/-145 
f -3/-3/-3 -147/-147/-147 -15/-15/-15 
f -145/-145/-145 -45/-45/-45 -135/-135/-135 
f -134/-134/-134 -179/-179/-179 -317/-317/-317 
f -134/-134/-134 -317/-317/-317 -308/-308/-308 
f -317/-317/-317 -179/-179/-179 -193/-193/-193 
f -134/-134/-134 -308/-308/-308 -298/-298/-298 
f -342/-342/-342 -259/-259/-259 -282/-282/-282 
f -342/-342/-342 -282/-282/-282 -347/-347/-347 
f -259/-259/-259 -342/-342/-342 -244/-244/-244 
f -347/-347/-347 -282/-282/-282 -329/-329/-329 
f -272/-272/-272 -233/-233/-233 -332/-332/-332 
f -272/-272/-272 -332/-332/-332 -335/-335/-335 
f -332/-332/-332 -233/-233/-233 -227/-227/-227 
f -272/-272/-272 -335/-335/-335 -321/-321/-321 
f -55/-55/-55 -30/-30/-30 -163/-163/-163 
f -55/-55/-55 -163/-163/-163 -160/-160/-160 
f -163/-163/-163 -30/-30/-30 -36/-36/-36 
f -55/-55/-55 -160/-160/-160 -140/-140/-140 
f -309/-309/-309 -237/-237/-237 -181/-181/-181 
f -237/-237/-237 -309/-309/-309 -337/-337/-337 
f -320/-320/-320 -197/-197/-197 -249/-249/-249 
f -320/-320/-320 -249/-249/-249 -345/-345/-345 
f -214/-214/-214 -62/-62/-62 -20/-20/-20 
f -214/-214/-214 -20/-20/-20 -150/-150/-150 
f -222/-222/-222 -25/-25/-25 -75/-75/-75 
f -25/-25/-25 -222/-222/-222 -158/-158/-158 
f -304/-304/-304 -202/-202/-202 -265/-265/-265 
f -202/-202/-202 -304/-304/-304 -300/-300/-300 
f -202/-202/-202 -300/-300/-300 -198/-198/-198 
f -304/-304/-304 -265/-265/-265 -331/-331/-331 
f -331/-331/-331 -265/-265/-265 -240/-240/-240 
f -331/-331/-331 -240/-240/-240 -324/-324/-324 
f -324/-324/-324 -240/-240/-240 -199/-199/-199 
f -324/-324/-324 -199/-199/-199 -301/-301/-301 
f -301/-301/-301 -199/-199/-199 -291/-291/-291 
f -301/-301/-301 -204/-204/-204 -299/-299/-299 
f -326/-326/-326 -203/-203/-203 -198/-198/-198 
f -292/-292/-292 -198/-198/-198 -300/-300/-300 
f -206/-206/-206 -40/-40/-40 -143/-143/-143 
f -143/-143/-143 -40/-40/-40 -43/-43/-43 
f -143/-143/-143 -43/-43/-43 -155/-155/-155 
f -40/-40/-40 -206/-206/-206 -96/-96/-96 
f -96/-96/-96 -206/-206/-206 -209/-209/-209 
f -96/-96/-96 -209/-209/-209 -99/-99/-99 
f -155/-155/-155 -43/-43/-43 -100/-100/-100 
f -155/-155/-155 -100/-100/-100 -210/-210/-210 
f -210/-210/-210 -100/-100/-100 -118/-118/-118 
f -210/-210/-210 -95/-95/-95 -205/-205/-205 
f -153/-153/-153 -101/-101/-101 -99/-99/-99 
f -119/-119/-119 -99/-99/-99 -209/-209/-209 
f -319/-319/-319 -310/-310/-310 -182/-182/-182 
f -319/-319/-319 -182/-182/-182 -195/-195/-195 
f -215/-215/-215 -74/-74/-74 -64/-64/-64 
f -74/-74/-74 -215/-215/-215 -220/-220/-220 
f -248/-248/-248 -238/-238/-238 -338/-338/-338 
f -248/-248/-248 -338/-338/-338 -343/-343/-343 
f -22/-22/-22 -24/-24/-24 -156/-156/-156 
f -22/-22/-22 -156/-156/-156 -151/-151/-151 
f -243/-243/-243 -334/-334/-334 -230/-230/-230 
f -334/-334/-334 -243/-243/-243 -341/-341/-341 
f -16/-16/-16 -148/-148/-148 -161/-161/-161 
f -16/-16/-16 -161/-161/-161 -33/-33/-33 
f -65/-65/-65 -217/-217/-217 -59/-59/-59 
f -59/-59/-59 -217/-217/-217 -212/-212/-212 
f -189/-189/-189 -314/-314/-314 -192/-192/-192 
f -192/-192/-192 -314/-314/-314 -316/-316/-316 
f -137/-137/-137 -54/-54/-54 -139/-139/-139 
f -54/-54/-54 -137/-137/-137 -48/-48/-48 
f -327/-327/-327 -279/-279/-279 -273/-273/-273 
f -327/-327/-327 -273/-273/-273 -322/-322/-322 
f -125/-125/-125 -131/-131/-131 -296/-296/-296 
f -125/-125/-125 -296/-296/-296 -294/-294/-294 
f -289/-289/-289 -116/-116/-116 -287/-287/-287 
f -287/-287/-287 -116/-116/-116 -109/-109/-109 
f -302/-302/-302 -303/-303/-303 -330/-330/-330 
f -302/-302/-302 -330/-330/-330 -325/-325/-325 
f -200/-200/-200 -264/-264/-264 -201/-201/-201 
f -264/-264/-264 -200/-200/-200 -241/-241/-241 
f -98/-98/-98 -41/-41/-41 -97/-97/-97 
f -41/-41/-41 -98/-98/-98 -42/-42/-42 
f -208/-208/-208 -207/-207/-207 -144/-144/-144 
f -208/-208/-208 -144/-144/-144 -154/-154/-154 
f -47/-47/-47 -5/-5/-5 -27/-27/-27 
f -5/-5/-5 -18/-18/-18 -9/-9/-9 
f -5/-5/-5 -47/-47/-47 -37/-37/-37 
f -47/-47/-47 -27/-27/-27 -39/-39/-39 
f -89/-89/-89 -81/-81/-81 -108/-108/-108 
f -103/-103/-103 -108/-108/-108 -81/-81/-81 
f -71/-71/-71 -76/-76/-76 -81/-81/-81 
f -104/-104/-104 -89/-89/-89 -108/-108/-108 
f -88/-88/-88 -115/-115/-115 -80/-80/-80 
f -115/-115/-115 -93/-93/-93 -112/-112/-112 
f -115/-115/-115 -105/-105/-105 -111/-111/-111 
f -6/-6/-6 -57/-57/-57 -28/-28/-28 
f -49/-49/-49 -53/-53/-53 -57/-57/-57 
f -2/-2/-2 -52/-52/-52 -57/-57/-57 
f -121/-121/-121 -166/-166/-166 -132/-132/-132 
f -166/-166/-166 -142/-142/-142 -132/-132/-132 
f -121/-121/-121 -132/-132/-132 -130/-130/-130 
f -164/-164/-164 -121/-121/-121 -128/-128/-128 
f -123/-123/-123 -133/-133/-133 -176/-176/-176 
f -176/-176/-176 -133/-133/-133 -168/-168/-168 
f -190/-190/-190 -180/-180/-180 -176/-176/-176 
f -141/-141/-141 -168/-168/-168 -133/-133/-133 
f -164/-164/-164 -123/-123/-123 -128/-128/-128 
f -114/-114/-114 -107/-107/-107 -79/-79/-79 
f -107/-107/-107 -114/-114/-114 -87/-87/-87 
f -102/-102/-102 -79/-79/-79 -107/-107/-107 
f -72/-72/-72 -77/-77/-77 -79/-79/-79 
f -86/-86/-86 -114/-114/-114 -110/-110/-110 
f -254/-254/-254 -280/-280/-280 -274/-274/-274 
f -280/-280/-280 -277/-277/-277 -274/-274/-274 
f -251/-251/-251 -274/-274/-274 -269/-269/-269 
f -280/-280/-280 -254/-254/-254 -266/-266/-266 
f -254/-254/-254 -246/-246/-246 -253/-253/-253 
f -281/-281/-281 -234/-234/-234 -276/-276/-276 
f -234/-234/-234 -281/-281/-281 -255/-255/-255 
f -250/-250/-250 -276/-276/-276 -268/-268/-268 
f -255/-255/-255 -245/-245/-245 -252/-252/-252 
f -255/-255/-255 -281/-281/-281 -267/-267/-267 
f -167/-167/-167 -122/-122/-122 -175/-175/-175 
f -122/-122/-122 -172/-172/-172 -126/-126/-126 
f -122/-122/-122 -129/-129/-129 -127/-127/-127 
f -256/-256/-256 -275/-275/-275 -235/-235/-235 
f -283/-283/-283 -270/-270/-270 -275/-275/-275 
f -251/-251/-251 -271/-271/-271 -275/-275/-275 
f -4/-4/-4 -46/-46/-46 -56/-56/-56 
f -56/-56/-56 -46/-46/-46 -26/-26/-26 
f -1/-1/-1 -56/-56/-56 -51/-51/-51 
f -46/-46/-46 -38/-38/-38 -26/-26/-26 
f -4/-4/-4 -19/-19/-19 -10/-10/-10 
f -346/-346/-346 -323/-323/-323 -336/-336/-336 
f -323/-323/-323 -346/-346/-346 -328/-328/-328 
f -346/-346/-346 -336/-336/-336 -340/-340/-340 
f -340/-340/-340 -336/-336/-336 -333/-333/-333 
f -146/-146/-146 -136/-136/-136 -138/-138/-138 
f -146/-146/-146 -138/-138/-138 -159/-159/-159 
f -146/-146/-146 -159/-159/-159 -149/-149/-149 
f -149/-149/-149 -159/-159/-159 -162/-162/-162 
f -225/-225/-225 -288/-288/-288 -224/-224/-224 
f -224/-224/-224 -288/-288/-288 -286/-286/-286 
f -225/-225/-225 -224/-224/-224 -213/-213/-213 
f -225/-225/-225 -213/-213/-213 -218/-218/-218 
f -306/-306/-306 -295/-295/-295 -307/-307/-307 
f -307/-307/-307 -295/-295/-295 -297/-297/-297 
f -306/-306/-306 -307/-307/-307 -315/-315/-315 
f -306/-306/-306 -315/-315/-315 -313/-313/-313 
f -344/-344/-344 -311/-311/-311 -318/-318/-318 
f -311/-311/-311 -344/-344/-344 -339/-339/-339 
f -196/-196/-196 -183/-183/-183 -239/-239/-239 
f -196/-196/-196 -239/-239/-239 -247/-247/-247 
f -152/-152/-152 -221/-221/-221 -216/-216/-216 
f -221/-221/-221 -152/-152/-152 -157/-157/-157 
f -63/-63/-63 -73/-73/-73 -23/-23/-23 
f -63/-63/-63 -23/-23/-23 -21/-21/-21 
f -257/-257/-257 -242/-242/-242 -228/-228/-228 
f -261/-261/-261 -228/-228/-228 -231/-231/-231 
f -284/-284/-284 -257/-257/-257 -262/-262/-262 
f -257/-257/-257 -278/-278/-278 -263/-263/-263 
f -90/-90/-90 -66/-66/-66 -82/-82/-82 
f -66/-66/-66 -61/-61/-61 -69/-69/-69 
f -8/-8/-8 -35/-35/-35 -29/-29/-29 
f -11/-11/-11 -31/-31/-31 -35/-35/-35 
f -169/-169/-169 -188/-188/-188 -178/-178/-178 
f -188/-188/-188 -194/-194/-194 -185/-185/-185 
f -187/-187/-187 -191/-191/-191 -177/-177/-177 
f -171/-171/-171 -177/-177/-177 -174/-174/-174 
f -120/-120/-120 -173/-173/-173 -177/-177/-177 
f -170/-170/-170 -187/-187/-187 -184/-184/-184 
f -258/-258/-258 -229/-229/-229 -236/-236/-236 
f -260/-260/-260 -232/-232/-232 -229/-229/-229 
f -67/-67/-67 -60/-60/-60 -83/-83/-83 
f -94/-94/-94 -83/-83/-83 -84/-84/-84 
f -113/-113/-113 -85/-85/-85 -83/-83/-83 
f -92/-92/-92 -67/-67/-67 -70/-70/-70 
f -7/-7/-7 -17/-17/-17 -34/-34/-34 
f -12/-12/-12 -34/-34/-34 -32/-32/-32 
f -50/-50/-50 -7/-7/-7 -13/-13/-13 
f -7/-7/-7 -44/-44/-44 -14/-14/-14 
g TB_SlrCell
v -59.0662 297.086 -144.032
v -59.0662 297.086 -144.032
v -59.0408 297.12 -144.048
v -59.171 297.908 -142.351
v -59.1931 297.973 -142.386
v -59.1931 297.973 -142.386
v -59.1834 297.966 -142.342
v -59.1834 297.966 -142.342
v -59.1834 297.966 -142.342
v -59.1834 297.966 -142.342
v -59.1684 297.951 -142.35
v -59.1658 297.952 -142.348
v -59.1528 297.937 -142.354
v -59.1697 297.971 -142.369
v -59.1345 297.936 -142.322
v -59.1672 297.974 -142.367
v -59.1418 297.942 -142.371
v -59.1432 297.964 -142.39
v -59.1554 297.979 -142.392
v -59.1582 298 -142.359
v -59.13 298.007 -142.3
v -59.7699 301.049 -141.807
v -60.5789 301.979 -142.761
v -59.7699 301.049 -141.807
v -59.7699 301.049 -141.807
v -60.5789 301.979 -142.761
v -60.5789 301.979 -142.761
v -57.3452 298.35 -142.693
v -57.3571 298.406 -142.684
v -57.3571 298.406 -142.684
v -57.3571 298.406 -142.684
v -57.345 298.391 -142.689
v -57.3284 298.378 -142.694
v -57.3182 298.384 -142.711
v -57.3194 298.404 -142.729
v -44.3244 283.372 -149.292
v -44.3329 283.412 -149.286
v -43.4476 283.387 -148.013
v -43.4346 283.372 -148.019
v -43.4277 283.364 -148.068
v -43.431 283.374 -148.018
v -43.4179 283.358 -148.024
v -43.4179 283.358 -148.024
v -43.4236 283.377 -148.036
v -43.4069 283.365 -148.04
v -43.3928 283.392 -148.041
v -42.6153 284.692 -147.944
v -42.6153 284.692 -147.944
v -42.6234 284.699 -147.986
v -42.6234 284.699 -147.986
v -38.3621 285.855 -156.878
v -38.3565 285.858 -156.885
v -60.5789 320.357 -137.577
v -60.5789 320.357 -137.577
v -60.5789 320.357 -137.577
v -59.7699 320.652 -136.277
v -59.7699 320.652 -136.277
v -59.7699 320.652 -136.277
v -34.82 288.066 -165.934
v -34.82 288.066 -165.934
v -34.82 288.066 -165.934
v -59.1834 323.559 -135.122
v -59.1834 323.559 -135.122
v -59.1834 323.559 -135.122
v -59.1834 323.559 -135.122
v -59.1697 323.569 -135.148
v -59.1672 323.566 -135.148
v -59.1684 323.577 -135.122
v -59.1658 323.574 -135.12
v -59.1554 323.575 -135.172
v -59.1528 323.591 -135.118
v -59.1432 323.587 -135.162
v -59.1418 323.595 -135.134
v -33.3129 288.35 -165.723
v -33.3003 288.355 -165.739
v -33.3003 288.355 -165.739
v -33.3003 288.355 -165.739
v -33.3003 288.355 -165.739
v -45.5761 303.749 -167.653
v -45.5761 303.749 -167.653
v -45.5761 303.749 -167.653
v -45.5285 303.72 -167.634
v -33.247 288.396 -165.697
v -33.1609 289.348 -164.625
v -59.0662 325.193 -136.104
v -59.0662 325.193 -136.104
v -33.1444 289.407 -164.599
v -33.1109 289.386 -164.585
v -33.1109 289.386 -164.585
v -33.1109 289.386 -164.585
v -59.0186 325.208 -136.072
v -57.3571 323.363 -135.644
v -57.3571 323.363 -135.644
v -57.3571 323.363 -135.644
v -57.3668 323.38 -135.685
v -57.3668 323.38 -135.685
